#0.
9.000000e-02  1.704093e+00
9.768812e-02  2.179170e+00
1.060330e-01  2.786690e+00
1.150907e-01  3.563579e+00
1.249221e-01  4.405218e+00
1.355934e-01  5.177111e+00
1.471763e-01  5.949003e+00
1.597486e-01  6.720896e+00
1.733949e-01  7.492789e+00
1.882069e-01  8.264682e+00
2.042842e-01  9.280475e+00
2.217349e-01  1.031423e+01
2.406763e-01  1.134799e+01
2.612357e-01  1.238175e+01
2.835514e-01  1.341551e+01
3.077733e-01  1.445035e+01
3.340644e-01  1.548757e+01
3.626014e-01  1.652479e+01
3.935761e-01  1.756201e+01
4.271967e-01  1.859923e+01
4.636894e-01  1.963645e+01
5.032994e-01  2.055512e+01
5.462930e-01  2.142182e+01
5.929593e-01  2.228852e+01
6.436119e-01  2.289228e+01
6.985915e-01  2.346226e+01
7.582677e-01  2.398830e+01
8.230416e-01  2.398830e+01
8.933487e-01  2.398830e+01
9.696617e-01  2.383552e+01
1.052494e+00  2.326554e+01
1.142401e+00  2.269556e+01
1.239989e+00  2.198938e+01
1.345914e+00  2.112269e+01
1.460886e+00  2.025599e+01
1.585680e+00  1.926537e+01
1.721135e+00  1.820800e+01
1.868160e+00  1.715063e+01
2.027745e+00  1.549767e+01
2.200962e+00  1.373202e+01
2.388976e+00  1.201061e+01
2.593051e+00  1.163404e+01
2.814558e+00  1.125747e+01
3.054988e+00  1.085982e+01
3.315956e+00  1.038864e+01
3.599216e+00  9.917452e+00
3.906674e+00  9.446267e+00
4.240396e+00  8.975083e+00
4.602626e+00  8.503899e+00
4.995798e+00  8.070938e+00
5.422557e+00  7.662963e+00
5.885771e+00  7.254989e+00
6.388554e+00  6.847015e+00
6.934287e+00  6.439040e+00
7.526638e+00  6.031066e+00
8.169590e+00  5.847579e+00
8.867466e+00  5.667141e+00
9.624956e+00  5.486703e+00
1.044715e+01  5.306265e+00
1.133959e+01  5.125826e+00
1.230825e+01  4.962941e+00
1.335967e+01  4.830143e+00
1.450090e+01  4.697346e+00
1.573962e+01  4.564548e+00
1.708415e+01  4.431751e+00
1.854354e+01  4.298953e+00
2.012759e+01  4.203841e+00
2.184696e+01  4.121266e+00
2.371321e+01  4.038692e+00
2.573887e+01  3.956118e+00
2.793758e+01  3.873544e+00
3.032411e+01  3.797816e+00
3.291450e+01  3.767008e+00
3.572617e+01  3.736201e+00
3.877803e+01  3.756592e+00
4.209058e+01  3.884198e+00
4.568611e+01  4.011803e+00
4.958878e+01  4.278411e+00
5.382482e+01  4.676369e+00
5.842273e+01  5.074328e+00
6.341341e+01  5.472286e+00
6.883040e+01  5.870245e+00
7.471014e+01  6.268203e+00
8.109214e+01  7.092786e+00
8.801932e+01  7.966859e+00
9.553824e+01  8.840932e+00
1.036995e+02  9.715005e+00
1.125578e+02  1.058908e+01
1.221729e+02  1.144476e+01
1.326094e+02  1.225264e+01
1.439373e+02  1.306053e+01
1.562330e+02  1.359573e+01
1.695789e+02  1.382207e+01
1.840650e+02  1.404841e+01
1.997884e+02  1.390393e+01
2.168551e+02  1.356830e+01
2.353796e+02  1.323267e+01
2.554865e+02  1.236140e+01
2.773111e+02  1.139620e+01
3.010000e+02  1.043372e+01
