0.
9.000000e-02 1.075212e+00
9.768812e-02 1.374966e+00
1.060330e-01 1.758286e+00
1.150907e-01 2.248471e+00
1.249221e-01 2.803700e+00
1.355934e-01 3.334755e+00
1.471763e-01 3.865810e+00
1.597486e-01 4.396865e+00
1.733949e-01 4.927920e+00
1.882069e-01 5.458975e+00
2.042842e-01 6.096328e+00
2.217349e-01 6.741511e+00
2.406763e-01 7.386693e+00
2.612357e-01 8.031876e+00
2.835514e-01 8.677059e+00
3.077733e-01 9.346655e+00
3.340644e-01 1.006976e+01
3.626014e-01 1.079287e+01
3.935761e-01 1.151598e+01
4.271967e-01 1.223909e+01
4.636894e-01 1.296219e+01
5.032994e-01 1.349735e+01
5.462930e-01 1.395010e+01
5.929593e-01 1.440285e+01
6.436119e-01 1.478052e+01
6.985915e-01 1.514855e+01
7.582677e-01 1.547852e+01
8.230416e-01 1.535300e+01
8.933487e-01 1.522748e+01
9.696617e-01 1.503920e+01
1.052494e+00 1.467958e+01
1.142401e+00 1.431996e+01
1.239989e+00 1.397135e+01
1.345914e+00 1.363572e+01
1.460886e+00 1.330009e+01
1.585680e+00 1.272855e+01
1.721135e+00 1.202995e+01
1.868160e+00 1.133135e+01
2.027745e+00 1.065512e+01
2.200962e+00 9.983130e+00
2.388976e+00 9.321033e+00
2.593051e+00 8.959736e+00
2.814558e+00 8.598440e+00
3.054988e+00 8.221304e+00
3.315956e+00 7.788916e+00
3.599216e+00 7.356528e+00
3.906674e+00 6.924139e+00
4.240396e+00 6.491751e+00
4.602626e+00 6.059363e+00
4.995798e+00 5.724483e+00
5.422557e+00 5.453345e+00
5.885771e+00 5.182207e+00
6.388554e+00 4.911069e+00
6.934287e+00 4.639931e+00
7.526638e+00 4.368793e+00
8.169590e+00 4.251047e+00
8.867466e+00 4.135385e+00
9.624956e+00 4.019722e+00
1.044715e+01 3.904060e+00
1.133959e+01 3.788397e+00
1.230825e+01 3.693911e+00
1.335967e+01 3.635722e+00
1.450090e+01 3.577533e+00
1.573962e+01 3.519344e+00
1.708415e+01 3.461156e+00
1.854354e+01 3.402967e+00
2.012759e+01 3.330044e+00
2.184696e+01 3.252219e+00
2.371321e+01 3.174393e+00
2.573887e+01 3.096568e+00
2.793758e+01 3.018743e+00
3.032411e+01 2.948047e+00
3.291450e+01 2.924132e+00
3.572617e+01 2.900216e+00
3.877803e+01 2.916045e+00
4.209058e+01 3.015099e+00
4.568611e+01 3.114154e+00
4.958878e+01 3.353165e+00
5.382482e+01 3.724428e+00
5.842273e+01 4.095690e+00
6.341341e+01 4.466953e+00
6.883040e+01 4.838216e+00
7.471014e+01 5.209478e+00
8.109214e+01 5.865637e+00
8.801932e+01 6.554845e+00
9.553824e+01 7.244053e+00
1.036995e+02 7.933262e+00
1.125578e+02 8.622470e+00
1.221729e+02 9.277943e+00
1.326094e+02 9.845783e+00
1.439373e+02 1.041362e+01
1.562330e+02 1.079950e+01
1.695789e+02 1.097927e+01
1.840650e+02 1.115905e+01
1.997884e+02 1.082785e+01
2.168551e+02 1.023324e+01
2.353796e+02 9.638641e+00
2.554865e+02 8.851618e+00
2.773111e+02 8.030853e+00
3.010000e+02 7.207821e+00
